Task: link_pair - Results
F1-score: 0.808511 +/- 0.0 
Precision: 0.678571 +/- 0.0 
Recall: 1.0 +/- 0.0 
ROC-AUC: 0.972916 +/- 0.0 
Training time per fold : 9.299715404510499