Task: link_pair - Results
F1-score: 0.826986 +/- 0.0 
Precision: 0.705009 +/- 0.0 
Recall: 1.0 +/- 0.0 
ROC-AUC: 0.979536 +/- 0.0 
Training time per fold : 8.011669747829437